0: (6) [1, 5, 39, 52, 54, 60]
1: (6) [3, 9, 20, 21, 24, 49]
2: (6) [10, 16, 18, 30, 37, 43]
4: (6) [7, 13, 25, 34, 39, 50]
5: (6) [8, 10, 30, 36, 38, 56]
6: (6) [9, 30, 39, 41, 46, 53]
7: (6) [25, 31, 44, 47, 54, 59]
8: (6) [12, 14, 23, 28, 36, 42]
9: (6) [14, 26, 27, 33, 37, 38]
10: (6) [4, 9, 16, 27, 31, 42]
12: (6) [12, 13, 37, 43, 54, 58]
13: (6) [1, 8, 14, 32, 34, 57]
14: (6) [1, 9, 18, 35, 49, 60]
16: (6) [14, 23, 30, 36, 52, 56]
17: (6) [6, 30, 35, 42, 51, 54]
18: (6) [22, 27, 30, 34, 42, 51]
19: (6) [12, 34, 42, 43, 51, 52]
20: (6) [21, 45, 46, 47, 55, 59]
21: (6) [7, 14, 39, 54, 55, 59]
22: (6) [8, 14, 28, 50, 55, 58]
23: (6) [4, 19, 32, 33, 40, 44]
24: (6) [1, 20, 34, 41, 43, 53]
25: (6) [1, 4, 23, 26, 41, 47]
26: (6) [6, 14, 18, 45, 53, 57]
27: (6) [2, 19, 26, 32, 34, 43]
30: (6) [2, 9, 14, 18, 30, 60]
31: (6) [7, 18, 35, 47, 53, 54]
32: (6) [3, 26, 33, 35, 44, 47]
33: (6) [10, 16, 21, 32, 56, 57]
34: (6) [6, 15, 25, 33, 57, 59]
37: (6) [3, 24, 32, 33, 37, 46]
38: (6) [4, 16, 24, 28, 29, 32]
39: (6) [9, 24, 28, 31, 33, 48]
40: (6) [16, 24, 30, 31, 35, 38]
41: (6) [12, 30, 31, 35, 47, 52]
42: (6) [1, 11, 18, 33, 46, 52]
43: (6) [5, 12, 20, 28, 33, 52]
44: (6) [1, 5, 9, 19, 23, 57]
45: (6) [8, 30, 31, 33, 46, 57]
47: (6) [1, 15, 44, 45, 47, 60]
48: (6) [1, 10, 37, 53, 56, 59]
50: (6) [3, 10, 29, 37, 47, 48]
51: (6) [1, 2, 7, 23, 24, 45]
53: (6) [8, 14, 18, 29, 34, 36]
54: (6) [10, 17, 20, 38, 40, 46]
55: (6) [5, 10, 20, 28, 34, 54]
56: (6) [2, 10, 16, 44, 49, 54]
57: (6) [19, 26, 40, 43, 46, 53]
58: (6) [2, 15, 39, 42, 43, 53]
61: (6) [9, 10, 11, 15, 22, 51]
62: (6) [31, 45, 46, 51, 56, 60]
63: (6) [3, 17, 32, 34, 39, 41]
65: (6) [22, 29, 36, 37, 39, 60]
66: (6) [4, 26, 31, 49, 54, 58]
67: (6) [11, 16, 39, 48, 52, 60]
68: (6) [13, 20, 37, 40, 45, 53]
70: (6) [5, 19, 20, 53, 54, 55]
71: (6) [10, 34, 35, 36, 41, 47]
72: (6) [4, 30, 34, 39, 40, 49]
73: (6) [4, 5, 15, 28, 55, 60]
75: (6) [2, 11, 19, 32, 33, 40]
76: (6) [8, 10, 12, 27, 29, 51]
77: (6) [15, 23, 32, 34, 47, 58]
79: (6) [11, 22, 31, 39, 40, 43]
80: (6) [2, 20, 39, 43, 46, 52]
81: (6) [26, 32, 34, 37, 39, 40]
82: (6) [25, 37, 44, 54, 55, 58]
83: (6) [3, 17, 26, 28, 38, 49]
84: (6) [8, 10, 16, 20, 27, 40]
85: (6) [11, 36, 56, 57, 59, 60]
86: (6) [5, 18, 23, 25, 26, 35]
87: (6) [16, 21, 23, 29, 46, 59]
88: (6) [2, 6, 39, 44, 57, 58]
89: (6) [7, 18, 19, 49, 53, 55]
90: (6) [1, 11, 12, 31, 44, 45]
91: (6) [4, 6, 12, 24, 33, 34]
92: (6) [9, 22, 25, 37, 44, 49]
94: (6) [1, 7, 28, 43, 50, 55]
95: (6) [2, 15, 26, 33, 40, 53]
96: (6) [1, 6, 7, 13, 25, 39]
97: (6) [10, 20, 26, 28, 41, 60]
99: (6) [1, 23, 36, 42, 45, 56]
100: (6) [13, 19, 29, 42, 47, 59]
101: (6) [18, 23, 26, 42, 48, 49]
102: (6) [1, 7, 10, 12, 44, 51]
104: (6) [3, 8, 15, 38, 41, 51]
105: (6) [5, 8, 11, 33, 45, 53]
106: (6) [3, 5, 49, 54, 55, 57]
107: (6) [1, 3, 12, 33, 34, 46]
108: (6) [20, 22, 40, 42, 51, 58]
109: (6) [12, 16, 18, 24, 33, 47]
112: (6) [5, 17, 25, 28, 50, 54]
115: (6) [7, 11, 35, 40, 52, 54]
116: (6) [2, 11, 28, 31, 45, 51]
117: (6) [9, 24, 35, 38, 44, 59]
118: (6) [3, 8, 10, 24, 32, 38]
119: (6) [13, 16, 29, 36, 44, 49]
120: (6) [2, 15, 24, 27, 31, 39]
121: (6) [16, 19, 31, 50, 54, 56]
123: (6) [3, 16, 17, 22, 26, 42]
124: (6) [8, 10, 30, 36, 42, 43]
125: (6) [10, 12, 13, 15, 31, 60]
126: (6) [2, 17, 33, 34, 42, 57]
127: (6) [12, 15, 24, 26, 55, 60]
128: (6) [1, 4, 20, 21, 30, 50]
129: (6) [5, 19, 22, 29, 31, 38]
130: (6) [14, 25, 40, 44, 48, 60]
131: (6) [13, 14, 24, 25, 29, 49]
133: (6) [3, 14, 19, 21, 23, 58]
134: (6) [11, 13, 18, 36, 37, 50]
136: (6) [14, 16, 17, 31, 33, 42]
137: (6) [24, 25, 30, 56, 57, 60]
138: (6) [14, 21, 29, 45, 57, 60]
140: (6) [7, 9, 34, 44, 49, 56]
144: (6) [4, 11, 27, 35, 55, 58]
146: (6) [2, 4, 9, 21, 29, 59]
147: (6) [17, 28, 35, 36, 38, 53]
148: (6) [1, 24, 27, 29, 40, 55]
149: (6) [11, 29, 37, 46, 48, 60]
150: (6) [16, 27, 32, 42, 50, 51]
152: (6) [5, 6, 20, 26, 36, 51]
153: (6) [8, 24, 28, 29, 33, 53]
154: (6) [13, 21, 22, 47, 48, 56]
155: (6) [11, 35, 44, 46, 47, 58]
156: (6) [2, 11, 24, 29, 32, 38]
157: (6) [1, 21, 22, 25, 43, 56]
158: (6) [11, 13, 24, 44, 46, 52]
159: (6) [24, 32, 45, 48, 55, 58]
160: (6) [10, 25, 28, 39, 44, 45]
161: (6) [6, 43, 44, 49, 51, 59]
162: (6) [4, 20, 21, 26, 30, 40]
164: (6) [1, 11, 31, 33, 37, 53]
165: (6) [10, 13, 19, 29, 31, 48]
167: (6) [28, 31, 33, 39, 53, 58]
168: (6) [1, 9, 28, 29, 32, 37]
169: (6) [9, 12, 16, 19, 35, 48]
171: (6) [6, 7, 18, 43, 45, 54]
172: (6) [3, 24, 32, 44, 45, 56]
173: (6) [14, 15, 23, 36, 40, 56]
174: (6) [22, 30, 32, 38, 41, 57]
175: (6) [2, 13, 24, 34, 46, 50]
176: (6) [16, 21, 23, 51, 57, 60]
178: (6) [8, 11, 17, 29, 51, 60]
179: (6) [9, 12, 13, 36, 56, 58]
180: (6) [2, 15, 32, 35, 40, 60]
181: (6) [5, 25, 30, 43, 45, 57]
182: (6) [14, 31, 41, 49, 52, 54]
185: (6) [13, 19, 26, 40, 55, 56]
186: (6) [11, 15, 19, 26, 39, 58]
188: (6) [8, 26, 28, 32, 33, 53]
190: (6) [25, 35, 42, 49, 58, 59]
192: (6) [10, 12, 13, 27, 41, 47]
193: (6) [1, 3, 10, 35, 44, 58]
195: (6) [3, 36, 40, 42, 49, 57]
196: (6) [4, 15, 25, 49, 55, 57]
197: (6) [2, 4, 12, 21, 38, 58]
199: (6) [2, 42, 51, 17, 27, 45]
